1) Петров Сергей : 2 2 4 2 4 4 3 5 2 5 5 5 4 3 2 2 5 2 4 3 4 5 3 5 2 2 4 5 3 4 4 3 5 2 5 2 2 2 5 3 2 2 2 4 5 2 3 3 5 2 2 4 4 3 5 4 5 2 3 2 5 3 3 5 3 5 2 5 5 5 3 4 3 4 5 4 4 4 2 3
2) Смирновa Алена : 4 2 4 4 4 2 5 4 4 2 2 2 5 5 3 2 3 2 2 3 3 4 5 3 3 5 4 3 3 4 4 4 4 4 2 2 2 5 3 2 5 5 4 4 3 4 5 4 2 5 3 5 3 5 4 5 3 5 4 5 5 5 4 2 3 2 3 4 4 2 2 5 3 4 2 2 4 2 3 5
3) Иванов Михаил : 2 2 5 4 2 3 5 4 3 4 3 2 2 3 4 3 5 2 4 4 2 4 2 3 4 4 4 3 5 2 3 2 3 4 5 3 4 4 5 3 2 2 3 5 3 3 4 5 2 5 5 3 4 3 4 3 4 4 2 5 5 2 3 4 5 5 5 3 4 2 5 5 5 5 2 5 5 3 4 3
4) Сидоровa Анна : 3 2 5 4 5 4 5 3 5 2 5 2 5 4 4 4 4 4 2 5 3 4 5 3 4 4 3 4 4 5 5 5 5 4 5 2 4 4 4 2 2 4 5 5 4 3 3 4 3 5 5 2 5 5 5 5 2 2 4 2 2 5 2 2 4 5 3 4 2 4 4 2 5 4 4 5 3 3 4 4
5) Сидоров Сергей : 5 3 2 2 5 5 3 3 5 3 4 5 5 5 4 4 2 5 2 4 4 3 4 2 5 4 5 2 2 4 2 5 5 4 4 4 4 5 2 3 3 5 5 5 4 5 5 4 3 3 2 3 3 4 5 5 4 4 4 5 5 3 3 4 3 4 5 3 5 4 5 2 5 5 5 5 2 5 3 3
6) Сидоровa Юлия : 4 2 3 2 4 5 2 4 2 2 5 3 5 4 4 5 3 5 5 5 2 5 5 5 2 5 4 4 3 2 5 5 3 5 4 5 3 5 4 4 2 4 4 5 4 2 4 2 5 4 2 5 5 5 5 4 5 5 5 3 3 5 3 5 5 4 5 3 4 2 2 2 2 4 3 5 2 5 5 2
7) Кузнецов Михаил : 5 2 3 3 2 4 5 3 2 4 2 3 3 5 3 5 2 2 2 5 5 2 3 4 5 4 3 5 3 4 3 2 3 2 4 4 2 2 4 2 2 5 4 5 5 2 3 3 4 3 4 4 3 3 5 5 4 3 3 2 2 5 4 3 2 2 5 5 3 5 5 2 5 4 5 2 3 2 2 4
8) Петровa Дарья : 5 5 5 4 3 2 4 5 4 2 4 3 4 2 3 5 2 5 2 2 5 2 3 3 4 2 4 5 4 5 2 3 5 2 2 4 5 2 3 3 3 3 4 4 4 2 5 3 2 4 2 2 5 5 2 2 2 2 5 4 3 4 3 4 4 5 4 4 5 4 5 5 4 2 3 5 2 5 5 3
9) Смирнов Михаил : 3 2 2 4 2 5 2 3 4 5 4 3 4 4 4 4 4 2 2 4 5 4 2 5 4 4 2 3 2 5 3 5 2 2 4 4 4 3 4 5 4 5 2 4 3 2 4 4 3 4 5 3 3 4 3 2 2 4 5 2 4 3 2 5 3 2 5 3 2 2 5 3 4 4 3 4 2 3 2 3
10) Кузнецовa Анна : 4 4 5 2 5 3 5 5 5 4 5 4 4 5 3 2 5 3 3 4 3 3 2 2 5 4 4 5 3 4 3 4 3 2 5 2 4 2 3 2 3 4 5 3 4 4 4 5 4 2 3 5 3 5 4 5 2 5 4 2 5 5 5 4 3 4 3 4 3 2 2 4 5 3 2 5 2 5 2 2
11) Смирнов Сергей : 4 4 2 4 2 3 4 3 5 3 3 5 2 4 5 2 2 2 2 3 2 2 5 4 2 3 4 5 5 2 4 5 3 4 5 3 5 3 4 2 3 4 5 5 3 5 2 4 3 4 3 3 2 4 3 3 4 4 5 2 4 2 4 2 2 2 4 5 2 5 3 3 5 5 4 2 2 3 2 2
12) Кузнецовa Алла : 2 4 5 2 5 5 3 4 3 2 4 3 3 4 2 4 3 5 5 5 5 4 5 5 3 4 2 5 5 2 4 3 2 2 5 4 3 4 3 2 3 5 4 3 3 5 3 5 3 3 3 5 5 2 2 3 2 5 3 4 2 2 2 5 4 5 5 3 3 5 5 3 2 3 2 3 3 3 2 4
13) Петров Михаил : 4 5 2 2 3 4 5 3 4 4 3 2 5 5 3 2 2 2 2 2 2 4 2 4 3 2 4 5 4 3 3 3 2 2 3 4 4 3 3 2 5 4 5 2 5 3 5 2 4 3 3 3 3 3 4 2 3 5 5 3 5 3 3 2 3 2 4 4 4 4 3 4 2 5 5 5 5 2 5 4
14) Сидоровa Алена : 3 5 3 3 5 5 4 3 5 4 4 3 4 4 2 2 5 4 3 5 2 2 5 3 5 2 3 5 2 2 3 4 4 2 5 3 5 3 3 2 4 4 3 2 5 2 5 4 5 2 3 5 5 5 3 5 2 2 4 2 5 3 4 3 3 3 2 5 5 5 3 5 2 5 2 2 3 4 3 2
15) Кузнецов Николай : 4 5 5 5 5 4 4 3 3 2 2 2 4 2 2 4 3 4 3 4 3 4 5 3 3 5 3 5 3 3 2 5 2 4 4 2 5 5 2 4 3 3 4 3 4 2 2 2 4 2 5 3 3 3 3 2 2 5 5 4 4 5 4 5 3 5 2 3 5 3 2 3 5 4 5 5 5 3 3 4
16) Смирновa Алла : 5 5 2 2 3 2 2 2 3 5 2 2 3 5 4 4 4 5 3 5 4 5 3 4 5 4 4 2 5 3 5 3 3 5 3 4 3 3 5 2 4 3 2 2 2 5 5 2 5 2 3 5 3 3 3 4 5 2 5 5 4 2 5 5 3 5 4 5 5 5 2 2 2 5 2 4 3 2 4 3
17) Иванов Николай : 3 5 2 4 2 5 2 2 5 2 2 4 2 3 5 4 4 2 5 2 4 3 4 4 4 5 3 5 5 3 2 3 3 5 4 4 5 3 2 4 4 4 4 2 2 2 4 5 2 3 3 4 3 5 5 2 2 4 5 4 5 4 2 4 4 4 5 3 5 3 4 5 2 3 4 3 2 5 3 5
18) Кузнецовa Анна : 3 3 5 3 4 4 2 3 3 5 3 5 3 3 3 2 4 3 5 5 4 2 5 3 5 3 2 2 4 3 2 3 4 2 2 4 3 2 4 5 5 5 5 3 5 4 3 3 2 2 5 5 2 5 4 2 3 5 4 4 5 2 4 3 5 5 2 4 4 4 3 2 5 4 2 3 5 4 4 3
19) Сидоров Андрей : 5 2 5 2 2 3 3 5 3 5 5 2 4 5 3 2 4 5 4 5 3 5 2 3 4 2 5 2 5 2 3 2 4 4 5 3 4 5 3 4 3 3 4 2 3 4 2 4 3 3 2 2 2 3 5 2 3 5 2 5 4 5 5 3 3 4 5 4 5 5 2 4 2 5 3 5 4 3 3 2
20) Сидоровa Алена : 2 2 3 5 4 3 4 5 2 2 5 2 3 5 5 3 5 3 3 4 2 5 3 5 4 2 5 3 5 2 5 4 2 4 2 4 4 5 2 4 3 3 4 5 4 3 4 3 5 2 2 5 3 5 5 3 3 2 4 5 5 4 2 5 4 3 4 2 5 3 4 5 3 3 2 5 2 2 4 4
21) Кузнецов Михаил : 5 4 2 4 2 4 4 5 2 2 4 5 2 5 5 2 2 3 2 2 3 4 2 4 3 5 5 4 2 2 2 3 2 2 5 3 5 2 4 2 2 5 3 3 5 5 3 2 2 5 2 5 3 3 3 5 3 3 3 5 3 3 4 3 5 5 5 5 4 2 2 4 5 2 5 2 5 2 4 2
22) Петровa Юлия : 4 3 3 5 3 5 3 3 2 4 5 5 5 3 5 2 5 2 4 5 3 4 2 4 2 2 4 2 4 4 4 4 2 5 5 5 5 5 3 3 3 4 3 2 2 3 2 2 5 3 4 4 3 2 3 4 3 4 3 3 4 3 3 5 2 5 5 4 5 3 4 4 5 4 3 3 2 5 4 2
23) Иванов Иван : 3 4 2 2 5 3 2 2 3 5 5 3 4 2 4 5 2 3 4 2 5 3 2 2 2 3 5 2 2 3 4 4 3 5 2 5 3 5 3 5 2 3 4 5 2 5 2 3 5 3 2 5 4 3 2 2 4 5 3 4 2 4 3 4 2 4 4 4 3 3 4 3 2 5 3 2 4 3 3 2
24) Сидоровa Алла : 3 4 4 4 5 2 2 3 5 3 4 4 4 4 2 4 3 5 4 5 4 3 3 2 3 2 5 5 2 2 5 2 2 4 3 3 5 2 2 4 4 2 3 5 5 2 3 4 2 2 3 3 2 2 2 4 5 3 2 4 5 3 2 3 5 3 2 3 3 2 5 3 3 3 2 2 3 4 5 2
25) Петров Андрей : 4 2 4 3 2 2 3 4 3 4 2 2 3 3 2 3 5 5 2 3 5 2 5 2 4 4 5 2 2 3 3 4 3 4 5 2 3 3 3 5 4 4 5 5 5 2 5 2 3 5 2 5 5 5 5 3 5 3 5 2 5 5 3 3 4 4 2 2 3 5 2 2 4 2 4 5 2 2 2 5
26) Сидоровa Алена : 3 5 5 3 5 2 2 4 5 5 2 4 4 3 3 2 5 2 2 5 2 4 2 4 4 4 3 5 5 5 2 2 4 3 5 5 2 5 5 3 2 2 4 3 2 4 4 5 2 3 2 5 2 3 3 4 3 4 4 4 2 5 2 3 4 4 4 5 4 5 4 4 4 4 3 3 4 4 3 3
27) Смирнов Иван : 3 3 5 5 5 3 5 5 2 5 4 5 3 2 2 4 4 4 2 5 5 4 4 3 2 3 2 4 3 3 2 2 3 4 4 5 3 3 3 2 4 4 5 5 4 4 2 2 3 3 3 2 3 2 2 5 2 4 3 3 2 4 2 5 5 3 2 2 3 4 3 4 2 4 4 3 3 5 2 5
28) Смирновa Алла : 4 2 5 5 3 4 5 4 4 4 3 4 4 5 4 2 3 4 5 5 2 2 4 2 4 4 4 5 2 2 5 4 4 4 3 2 2 5 5 4 3 4 5 5 2 2 2 5 3 5 4 5 3 4 3 3 5 4 5 4 5 3 3 5 4 4 4 3 4 4 3 3 4 5 4 4 3 3 4 4
29) Смирнов Иван : 5 3 3 4 5 2 2 5 2 3 4 4 2 2 2 3 3 4 4 4 2 4 2 2 3 5 2 3 5 4 3 4 5 5 2 3 5 3 3 4 3 4 2 4 4 3 4 3 4 2 5 5 2 4 2 2 5 3 2 4 2 5 3 3 5 5 4 2 5 4 2 4 2 3 4 5 2 3 5 2
30) Ивановa Алена : 5 3 5 4 2 4 5 4 3 5 5 5 4 3 4 2 3 2 2 3 4 3 2 2 4 5 3 4 3 5 5 3 3 4 5 3 5 3 3 5 5 3 3 4 3 5 3 4 4 4 2 2 5 4 2 2 3 5 3 4 2 2 5 5 5 4 2 2 4 3 2 2 2 4 5 5 4 5 3 2
31) Иванов Иван : 2 5 2 2 3 3 4 2 4 5 5 4 4 3 4 3 4 3 2 2 5 5 4 4 3 5 4 3 4 4 5 2 4 5 5 2 5 2 3 3 5 5 5 2 3 4 2 2 2 4 3 4 5 4 5 2 4 3 3 5 3 2 4 3 5 5 2 5 3 5 5 3 5 3 3 2 4 2 4 3
32) Иванов Сергей : 2 4 3 3 3 3 2 2 4 5 4 3 4 3 2 4 5 4 5 3 5 3 3 3 5 4 5 4 3 4 2 3 5 5 5 3 2 3 4 3 3 4 2 2 3 4 4 2 5 3 3 3 4 5 4 5 5 4 5 3 2 2 3 3 2 5 5 5 5 2 2 5 5 5 4 2 4 2 3 3
33) Петрова Юлия : 4 5 3 3 5 5 5 2 5 3 5 3 5 4 3 4 3 5 5 4 5 3 2 3 4 3 3 3 2 5 3 2 3 4 4 5 5 3 3 2 4 3 3 4 2 3 3 2 5 4 4 4 5 4 5 2 4 5 4 5 2 5 2 3 4 3 4 4 4 5 4 4 4 2 4 5 2 2 3 4
34) Петрова Анна : 5 2 3 4 4 3 5 2 2 3 2 3 2 4 2 5 4 4 3 2 2 3 4 3 5 3 4 4 5 2 2 4 4 5 4 2 4 5 2 5 3 5 4 5 2 5 4 4 3 4 2 5 4 2 4 4 5 3 3 2 5 3 2 2 4 4 5 4 4 3 5 2 4 3 3 5 2 2 3 4
35) Петрова Алла : 5 2 3 3 4 4 3 3 5 4 3 2 5 4 3 5 2 2 2 5 5 5 4 4 5 2 2 2 2 2 3 3 4 2 5 2 5 5 3 4 5 5 5 2 2 2 2 4 3 2 4 3 3 3 3 2 3 5 2 2 4 4 4 3 3 5 3 2 5 2 4 4 2 3 4 4 4 4 5 5
