1) Петров Сергей : 5 5 4 3 3 5 4 2 2 4 4 2 4 5 2 2 2 3 2 4 4 3 5 4 2 2 2 2 4 4 3 3 5 5 3 2 4 2 5 4 4 4 2 5 3 3 3 2 2 5 5 2 4 2 3 4 3 4 4 3 3 2 4 4 5 2 3 4 3 2 4 5 2 4 4 4 4 2 3 4
2) Смирновa Алена : 3 5 2 2 3 5 4 5 5 2 3 3 3 5 5 3 3 4 4 2 2 4 2 5 5 3 5 3 4 4 5 4 5 2 5 2 4 4 3 2 3 5 5 4 4 2 5 4 3 2 2 3 2 3 5 3 5 2 4 2 5 3 3 3 2 4 5 3 3 4 3 2 2 3 4 5 4 2 4 4
3) Иванов Михаил : 5 2 3 2 3 4 3 4 2 2 3 2 5 2 5 5 5 4 2 2 2 4 5 2 5 5 3 2 4 4 2 5 5 4 5 4 5 4 5 3 5 4 3 2 4 3 3 2 2 5 4 3 4 3 2 5 5 2 3 2 4 2 3 3 4 4 2 3 5 5 5 4 2 5 4 4 3 5 5 3
4) Сидоровa Анна : 2 2 4 3 3 4 3 5 3 2 3 5 4 3 3 2 2 2 5 4 5 3 5 5 4 5 3 3 5 2 2 5 5 5 5 2 4 4 3 3 5 5 2 4 5 5 3 2 4 5 3 4 5 2 4 5 5 5 5 5 3 2 2 5 4 3 5 3 5 4 3 3 2 3 3 3 5 5 4 2
5) Сидоров Сергей : 5 4 2 3 4 2 2 5 5 2 3 2 4 5 5 5 5 2 4 3 5 2 5 4 2 4 5 3 2 4 3 5 5 4 2 5 4 5 2 2 3 2 4 5 4 5 2 5 3 3 4 5 4 5 5 3 2 5 4 2 2 2 2 3 3 2 5 4 5 3 4 2 5 4 3 3 5 2 5 2
6) Сидоровa Юлия : 3 3 4 5 3 5 2 2 4 4 4 4 2 3 3 4 3 5 2 4 2 4 4 2 5 3 2 4 4 5 4 5 3 4 5 3 2 4 3 5 4 2 3 2 3 3 2 4 5 4 2 3 3 4 5 3 2 3 4 2 3 2 4 4 3 2 3 3 2 3 2 4 2 5 4 5 3 4 3 5
7) Кузнецов Михаил : 4 3 4 4 5 5 5 3 4 2 4 3 5 5 4 5 2 5 3 5 4 5 3 3 2 5 4 4 5 5 3 4 2 3 5 2 2 3 4 5 3 2 5 4 3 2 4 5 3 2 2 3 2 5 2 2 4 4 2 3 5 4 4 3 2 4 2 3 5 3 3 3 3 5 5 3 4 4 4 2
8) Петровa Дарья : 5 3 2 4 4 4 5 4 5 2 4 4 3 3 5 4 5 3 5 3 2 5 2 4 2 5 4 2 5 4 2 4 4 4 2 3 5 2 3 4 4 5 3 2 3 4 3 5 2 4 3 4 4 2 5 4 3 3 3 5 4 2 2 2 5 5 2 4 5 5 3 5 5 2 5 3 5 2 4 4
9) Смирнов Михаил : 4 2 3 2 3 5 4 3 4 3 5 4 5 4 5 4 5 2 2 5 4 3 3 4 4 3 3 2 5 2 4 4 3 4 5 3 5 2 3 2 3 4 2 2 3 3 4 5 2 3 4 5 5 2 2 4 5 5 5 4 2 2 4 3 3 2 4 4 5 3 4 4 5 2 5 3 5 5 4 2
10) Кузнецовa Анна : 2 5 5 5 3 5 5 3 2 2 5 2 3 4 4 4 3 2 3 4 3 2 4 3 2 5 3 2 2 4 2 4 2 5 3 2 3 2 3 5 5 4 3 3 5 3 3 2 4 4 2 3 5 2 5 3 5 5 5 3 2 4 5 4 3 2 5 5 3 3 2 3 2 5 5 3 3 5 2 4
11) Смирнов Сергей : 2 3 5 2 2 3 3 3 3 3 3 4 5 5 4 2 4 2 3 3 2 5 3 4 2 3 4 3 4 5 3 3 2 3 3 4 4 4 3 4 4 5 3 3 5 4 4 5 4 5 3 2 2 2 3 2 4 4 5 5 2 2 5 3 4 3 4 2 5 5 4 2 2 5 2 5 3 2 3 2
12) Кузнецовa Алла : 4 3 2 5 5 3 5 2 5 3 3 2 2 3 4 4 5 3 2 4 3 4 5 2 2 5 5 4 5 5 5 2 4 3 5 3 2 4 3 2 2 2 3 2 2 5 3 2 3 2 5 5 2 3 3 3 5 5 2 3 4 2 4 3 5 3 2 5 4 4 3 2 3 4 5 2 4 3 4 2
13) Петров Михаил : 3 4 5 2 4 5 4 5 5 4 3 3 2 4 5 5 2 3 3 2 2 3 5 4 3 4 4 2 3 3 5 5 2 2 4 4 3 3 4 3 4 5 2 5 2 3 4 2 2 2 2 3 2 5 4 4 3 2 5 3 3 5 2 4 3 3 4 3 2 5 3 4 5 2 4 3 2 2 2 3
14) Сидоровa Алена : 2 2 5 2 2 3 2 3 3 3 4 5 2 4 3 4 3 3 4 3 5 4 2 3 2 2 3 2 4 3 5 3 3 5 3 2 4 4 5 5 3 2 2 2 5 5 5 3 5 5 3 2 2 3 2 2 2 5 4 3 2 4 2 3 2 3 3 4 5 4 3 5 3 4 3 5 3 4 5 2
15) Кузнецов Николай : 5 5 4 5 2 5 3 5 4 5 3 3 4 5 5 5 3 5 3 4 2 4 2 5 4 5 5 3 4 4 3 2 3 4 5 2 4 2 3 4 4 4 2 3 5 3 2 3 2 2 4 2 5 2 3 4 2 4 4 4 5 2 3 4 2 2 4 2 3 2 3 3 5 4 2 4 5 5 4 2
16) Смирновa Алла : 3 3 4 2 4 3 3 3 5 2 3 4 2 5 5 4 2 5 5 4 4 4 4 3 5 3 5 2 5 3 4 4 3 5 2 4 5 4 4 3 3 5 4 2 4 3 4 2 3 4 4 4 3 3 2 3 3 2 3 3 4 2 3 4 5 4 2 3 4 3 2 5 3 2 5 5 3 3 5 4
17) Иванов Николай : 2 3 5 2 4 5 3 3 2 4 4 3 2 3 5 5 4 5 4 3 4 4 3 2 3 5 4 5 5 5 4 2 2 4 4 3 5 3 4 4 2 3 4 3 5 5 5 5 2 5 2 2 2 4 2 3 4 3 5 4 4 2 4 2 3 4 4 5 2 3 2 5 5 5 3 2 5 2 5 5
18) Кузнецовa Анна : 4 3 2 5 3 4 3 5 5 5 2 4 2 3 5 5 3 4 3 3 5 2 2 4 4 4 5 5 2 2 5 3 4 2 4 2 4 3 5 4 3 5 4 5 2 2 5 2 2 4 3 4 2 5 4 2 4 4 5 4 2 3 3 4 5 5 3 2 3 5 5 4 4 5 4 2 5 3 4 4
19) Сидоров Андрей : 2 4 4 4 4 3 3 5 3 5 2 4 4 3 2 4 3 4 5 5 4 5 3 3 2 2 3 2 4 5 4 3 2 5 4 5 5 5 5 4 4 2 2 5 5 3 3 3 5 2 4 3 5 3 2 2 5 4 5 3 4 5 2 2 4 2 5 2 3 4 5 2 3 5 5 4 5 3 5 4
20) Сидоровa Алена : 3 4 4 5 5 3 3 4 5 5 2 4 2 5 2 3 4 5 4 4 3 5 2 3 2 4 3 3 5 4 3 3 3 3 5 5 5 3 4 2 4 5 5 4 4 3 4 4 4 3 4 3 2 4 5 4 3 3 4 4 2 2 4 2 3 2 5 4 4 5 4 5 5 3 5 2 3 4 3 2
21) Кузнецов Михаил : 3 2 5 4 5 3 4 5 2 2 5 5 5 3 3 2 5 2 2 2 4 2 4 3 2 3 4 3 3 3 2 3 2 3 4 3 2 4 3 5 2 3 2 2 5 2 2 5 4 3 2 5 2 3 4 4 5 5 4 3 3 2 5 4 5 4 4 2 5 2 4 2 5 3 2 2 3 5 2 5
22) Петровa Юлия : 4 3 5 5 4 2 2 2 2 3 3 5 3 5 5 2 2 4 5 5 4 4 5 5 4 3 5 4 2 5 2 3 5 4 2 5 3 3 3 5 4 2 2 2 5 4 2 5 3 3 5 4 5 4 3 3 3 4 5 2 5 3 3 4 3 5 4 2 5 5 4 3 4 4 3 2 3 2 2 2
23) Иванов Иван : 3 2 4 5 5 4 2 4 3 4 3 3 3 5 3 5 4 5 2 5 2 5 3 2 2 2 5 3 5 4 2 3 5 3 4 4 5 5 5 4 2 3 5 4 4 4 2 3 4 4 2 5 4 2 2 5 3 2 4 5 2 2 3 3 2 5 4 4 3 3 2 5 5 5 2 2 4 5 3 2
24) Сидоровa Алла : 2 5 5 5 2 2 3 4 3 2 3 2 2 4 2 3 4 4 4 2 3 5 5 4 4 4 4 4 3 5 2 3 5 5 4 4 3 5 5 2 3 3 2 2 3 3 2 3 2 5 5 2 5 4 2 3 2 5 4 5 3 3 3 5 2 5 2 3 3 4 2 3 2 3 4 2 5 5 4 5
25) Петров Андрей : 2 3 5 5 4 5 4 3 4 5 3 4 4 4 3 3 3 3 5 3 4 2 4 3 3 2 4 2 5 2 5 5 5 3 2 4 3 2 4 5 2 5 3 3 4 3 5 2 4 3 5 5 3 3 4 5 2 3 5 2 5 3 4 2 3 2 4 4 3 5 3 3 2 5 2 2 5 3 5 5
26) Сидоровa Алена : 2 5 5 5 3 5 5 3 4 2 4 5 5 3 3 5 3 2 4 4 3 3 3 2 2 4 2 4 4 3 5 2 3 4 2 2 3 5 4 3 3 4 3 3 2 5 4 3 5 4 3 2 2 2 4 4 3 4 4 3 3 5 5 2 5 3 2 4 4 3 2 4 5 3 4 5 5 4 2 2
27) Смирнов Иван : 5 5 5 4 3 3 4 4 4 2 3 4 4 2 4 4 2 4 4 4 2 4 3 4 5 5 2 4 2 2 4 4 2 3 4 2 2 3 2 3 2 4 4 3 5 4 4 5 4 3 4 2 4 2 5 2 3 4 5 3 3 4 5 3 3 3 2 3 3 4 5 2 3 5 5 4 5 3 5 5
28) Смирновa Алла : 3 5 2 5 5 5 5 5 5 5 2 4 4 2 3 4 2 5 3 4 5 3 5 4 3 4 4 5 3 4 2 5 5 2 3 2 3 4 4 4 3 3 5 2 3 3 5 5 2 5 3 5 5 4 2 2 3 3 4 5 3 3 3 2 5 4 3 4 5 2 3 4 5 5 2 2 3 2 3 4
29) Смирнов Иван : 3 3 4 2 4 4 4 2 5 4 4 3 4 3 2 5 4 4 3 2 2 5 3 2 4 4 3 2 5 2 2 2 4 4 2 5 2 4 2 3 4 5 5 4 3 4 3 5 4 2 5 2 3 5 2 2 2 3 5 2 2 4 2 4 4 3 3 3 5 4 5 2 5 3 3 4 5 4 3 5
30) Ивановa Алена : 2 2 2 2 4 3 2 3 2 5 4 5 5 3 2 3 5 5 2 4 3 5 5 5 2 4 4 5 3 5 4 3 3 5 4 3 5 2 5 5 2 3 4 2 3 2 3 2 2 4 2 5 4 4 5 5 4 5 4 5 5 5 2 3 2 5 4 2 4 4 2 3 4 2 3 5 3 4 4 2
31) Иванов Иван : 3 5 4 4 2 4 4 2 3 3 2 5 2 5 5 2 3 5 4 5 2 2 3 4 5 4 4 4 5 4 2 5 3 3 3 3 2 5 2 4 5 2 2 2 3 5 5 3 4 3 3 5 3 5 5 5 3 2 3 2 4 5 2 4 3 4 4 4 5 3 2 2 4 3 3 5 3 4 5 2
32) Иванов Сергей : 3 5 2 2 2 5 5 2 5 3 2 3 5 4 5 3 4 3 2 2 5 2 4 2 4 5 5 5 5 3 4 2 2 4 5 2 2 5 5 4 5 4 2 4 3 4 5 4 4 2 3 4 3 3 5 3 4 2 5 5 5 4 5 5 3 5 3 5 3 4 4 4 5 3 5 5 4 4 5 5
33) Петрова Юлия : 5 4 5 4 2 4 2 4 3 3 2 5 4 3 4 5 3 2 5 5 4 3 3 4 3 4 5 3 2 5 2 3 5 5 2 5 4 2 2 4 5 4 3 2 4 5 2 2 4 3 3 2 2 2 5 2 4 5 5 5 3 2 4 3 3 2 3 4 3 3 5 3 2 5 2 4 3 2 4 4
34) Петрова Анна : 3 5 2 5 4 3 3 3 2 4 2 4 4 2 4 3 5 2 2 2 4 5 4 3 4 4 2 5 2 4 2 4 5 4 5 4 3 2 5 4 4 3 5 5 5 3 2 3 5 4 4 2 3 5 2 4 5 5 5 4 5 5 2 4 4 2 2 4 3 2 2 3 5 5 4 3 5 4 5 2
35) Петрова Алла : 3 4 2 5 2 3 2 2 3 4 4 4 2 3 2 2 3 2 3 2 3 5 3 4 3 3 4 3 3 2 4 2 5 2 5 4 5 3 4 4 2 2 3 5 3 3 3 3 3 3 4 3 2 4 4 3 4 2 5 4 4 2 2 4 5 3 5 2 4 3 3 3 3 4 4 3 2 5 3 3
