1) Петров Сергей : 4 4 2 3 4 3 3 3 4 3 3 4 2 4 2 4 5 2 2 2 4 3 4 4 4 3 2 5 2 3 5 5 3 2 3 4 4 2 4 3 3 3 5 3 2 5 5 4 3 3 4 4 3 5 5 3 3 3 2 3 5 3 4 4 4 5 3 5 2 4 5 3 5 3 4 3 5 4 2 3
2) Смирновa Алена : 3 3 2 3 5 4 5 4 3 3 4 4 4 5 4 5 3 2 4 4 4 3 3 3 5 3 3 5 3 2 2 5 5 3 3 2 5 5 2 3 4 4 2 2 3 5 4 3 3 4 2 2 3 2 2 5 4 2 3 2 4 3 2 5 2 5 5 4 2 5 4 3 4 2 3 3 3 4 3 5
3) Иванов Михаил : 2 5 3 5 5 3 5 2 5 3 4 3 2 4 5 4 2 4 4 3 3 2 2 4 3 2 2 4 4 3 4 3 4 4 2 2 3 3 2 5 3 5 3 5 2 2 5 4 5 4 3 5 4 4 4 5 4 3 3 3 2 4 2 2 3 3 2 5 4 5 2 3 4 2 5 4 3 2 4 2
4) Сидоровa Анна : 2 5 3 2 2 5 2 4 4 2 5 3 5 3 4 4 2 4 5 2 5 4 2 3 4 3 4 2 4 5 5 4 2 4 5 4 3 3 2 5 4 2 4 5 2 5 3 3 5 2 2 4 5 4 5 4 3 5 3 5 5 5 5 2 4 3 3 5 5 2 3 3 3 5 5 4 3 3 5 5
5) Сидоров Сергей : 2 4 4 3 4 3 3 4 2 2 4 5 3 2 2 2 4 4 4 2 2 5 2 3 2 3 4 5 3 4 4 5 2 2 5 4 5 5 2 4 3 2 5 3 4 2 5 2 4 3 2 2 4 3 3 2 5 2 3 5 3 4 3 3 5 3 2 3 2 5 4 2 5 3 4 4 4 4 3 2
6) Сидоровa Юлия : 3 5 3 2 2 4 5 5 4 2 4 2 3 3 5 5 5 5 2 2 4 2 3 2 4 2 4 4 4 4 2 4 3 2 5 3 3 2 5 3 4 4 3 5 5 3 2 5 4 4 2 3 4 2 5 3 3 3 5 4 3 4 4 3 4 5 2 4 3 3 2 3 4 3 3 3 3 5 5 2
7) Кузнецов Михаил : 3 4 2 2 2 2 4 4 3 5 5 4 5 5 5 4 2 3 3 4 4 4 3 5 5 2 5 2 4 4 3 5 3 3 3 3 5 5 4 3 5 5 2 5 4 3 4 5 2 3 5 5 5 2 5 2 2 3 3 3 4 3 4 5 2 3 3 2 4 2 4 4 2 5 5 4 3 4 5 4
8) Петровa Дарья : 2 2 5 4 2 3 3 4 5 4 3 2 5 5 2 2 4 3 3 4 4 3 4 3 3 2 4 3 3 4 5 4 4 5 4 2 5 2 5 4 2 2 4 2 5 5 3 3 5 3 3 2 2 2 2 5 5 4 2 2 4 2 5 3 5 2 4 4 3 5 2 5 2 5 2 4 3 2 3 4
9) Смирнов Михаил : 2 5 3 4 4 2 4 2 5 4 5 2 2 3 3 4 2 2 2 5 5 5 5 2 2 3 5 2 3 4 5 2 3 2 4 5 4 3 3 2 5 5 2 5 4 3 4 3 4 3 5 2 3 2 3 4 3 3 3 3 4 3 2 2 2 2 4 2 4 2 5 4 4 3 5 2 2 4 2 2
10) Кузнецовa Анна : 5 3 5 4 2 2 2 4 3 2 2 2 3 2 3 5 5 5 5 2 3 5 2 4 4 3 3 3 4 2 2 2 2 3 3 2 4 2 3 4 4 5 3 4 4 5 3 3 5 3 2 4 5 4 3 3 4 2 5 4 4 5 5 5 5 3 2 4 2 2 4 5 3 5 5 3 5 2 3 4
11) Смирнов Сергей : 2 4 2 4 3 5 5 4 3 5 2 2 5 3 3 4 2 2 2 4 3 3 2 2 3 2 4 5 4 4 4 4 5 5 2 2 3 2 4 5 2 2 4 2 3 5 4 5 5 4 2 2 3 3 5 5 5 4 5 4 4 2 4 3 4 5 3 4 3 4 5 4 5 3 5 4 4 3 5 4
12) Кузнецовa Алла : 4 5 3 4 4 3 2 5 5 5 2 5 3 5 4 3 5 5 4 4 5 5 2 2 3 3 3 2 2 4 3 5 3 2 2 2 2 5 4 5 4 2 2 5 4 2 4 3 5 5 4 3 4 2 4 5 4 4 3 2 5 5 4 5 5 5 5 4 3 5 2 5 2 4 3 2 5 4 5 5
13) Петров Михаил : 5 5 5 5 5 2 4 3 3 3 4 3 2 2 5 5 4 3 5 2 3 4 5 2 5 2 4 2 3 3 4 5 2 4 3 5 2 3 2 5 5 5 2 4 4 3 5 4 2 4 3 2 4 2 3 5 5 4 4 3 3 4 5 5 3 3 2 2 5 3 5 2 5 5 2 5 3 3 4 2
14) Сидоровa Алена : 2 2 2 2 3 4 3 2 4 2 2 4 2 3 3 5 4 3 5 4 5 5 2 2 3 4 3 4 4 5 5 4 5 3 4 2 4 3 3 3 3 5 3 4 2 2 2 3 4 5 2 3 4 3 5 3 2 2 2 2 4 3 5 5 2 4 4 5 3 2 3 5 2 3 4 3 3 2 4 4
15) Кузнецов Николай : 3 4 4 3 3 5 5 4 2 4 4 2 3 5 4 3 2 3 4 2 2 3 2 3 3 5 3 3 4 3 2 2 4 2 4 3 5 4 2 2 4 5 3 2 5 5 3 2 3 4 3 4 2 5 3 2 4 5 2 5 4 4 2 3 5 2 2 5 2 4 5 3 2 3 4 2 2 3 3 4
16) Смирновa Алла : 2 4 4 5 4 5 4 4 5 3 2 2 5 2 5 5 4 4 2 3 2 3 3 3 3 5 2 2 4 3 2 5 2 5 4 2 2 3 4 4 3 2 4 3 4 3 3 4 3 5 4 5 2 2 2 5 3 4 4 4 3 3 3 3 4 5 5 4 5 4 3 2 3 4 3 4 5 5 5 5
17) Иванов Николай : 5 5 4 4 2 5 4 5 2 4 5 5 2 5 4 2 2 3 5 5 2 4 5 4 5 4 5 5 3 5 2 2 2 4 5 5 2 5 3 5 3 4 2 4 2 4 2 5 2 5 3 4 2 4 3 5 4 5 2 5 4 4 4 2 4 4 2 2 2 3 2 5 4 4 2 3 2 5 4 3
18) Кузнецовa Анна : 3 3 2 4 3 4 4 4 4 4 2 3 4 5 5 4 3 5 3 5 2 2 4 4 2 4 4 2 2 2 3 5 5 2 2 5 5 4 4 3 5 5 3 5 4 4 3 2 3 2 5 3 3 2 4 2 4 4 4 4 5 5 2 3 3 2 5 2 3 2 5 5 4 3 5 4 5 5 2 2
19) Сидоров Андрей : 4 5 4 3 4 2 5 3 5 3 5 4 2 2 3 5 4 3 2 5 3 4 4 2 5 3 3 4 3 4 2 3 2 4 5 4 2 2 2 3 3 5 2 4 5 2 5 2 4 3 2 5 4 2 4 4 4 3 5 4 5 3 2 5 2 2 3 4 4 2 5 5 5 2 2 2 4 4 3 4
20) Сидоровa Алена : 2 3 4 4 4 2 4 2 2 2 4 3 4 3 5 5 4 3 2 5 2 3 5 2 3 5 3 4 4 4 3 5 2 4 4 3 2 3 4 5 2 3 3 4 2 2 4 3 2 3 4 3 4 3 5 2 2 2 3 3 2 4 3 3 4 4 5 3 3 2 5 5 5 3 3 5 4 5 5 4
21) Кузнецов Михаил : 3 2 3 4 4 4 4 2 5 3 3 4 4 2 3 3 4 3 2 4 2 3 4 5 4 2 4 4 4 3 5 5 4 5 5 3 4 3 2 3 4 3 4 4 4 4 2 4 3 5 4 2 4 4 2 5 4 2 3 3 5 3 3 5 4 5 2 4 3 2 4 2 2 3 2 3 5 4 4 3
22) Петровa Юлия : 5 5 2 2 2 4 5 3 3 3 5 3 5 3 3 3 4 2 3 3 2 5 3 2 4 3 2 2 2 3 3 2 3 4 5 5 5 4 3 4 4 4 5 2 4 4 4 3 3 3 4 3 5 4 3 4 2 5 3 3 2 2 3 5 2 5 5 3 2 4 5 5 5 5 2 2 3 3 2 2
23) Иванов Иван : 2 2 5 5 5 3 4 2 3 4 5 4 4 2 5 4 2 5 5 5 5 4 2 3 4 3 2 5 5 5 3 5 4 3 2 4 2 2 5 2 4 5 3 5 4 4 4 3 5 5 3 2 3 3 4 4 5 3 4 5 5 2 2 2 5 2 3 4 4 2 5 2 5 2 5 3 4 5 4 3
24) Сидоровa Алла : 3 5 4 4 3 4 5 4 5 2 3 3 2 4 5 3 3 4 3 2 2 4 3 5 5 3 5 3 2 2 4 3 4 4 2 3 2 2 2 5 4 2 2 5 4 5 4 2 5 3 5 2 3 3 3 4 3 5 4 2 4 5 5 3 5 4 4 5 5 5 5 3 5 5 2 2 5 4 4 5
25) Петров Андрей : 5 4 2 5 5 4 3 2 2 2 5 4 2 5 3 3 2 3 2 3 2 4 4 3 5 4 5 3 4 4 3 2 4 2 4 5 3 3 5 4 2 4 3 4 3 5 2 4 2 3 3 2 3 4 5 2 5 4 4 2 5 5 2 4 4 3 4 4 5 2 3 4 2 3 4 2 3 4 2 2
26) Сидоровa Алена : 3 4 5 4 3 5 3 5 5 4 5 4 4 4 4 4 4 2 3 5 5 3 4 4 2 3 3 5 4 3 3 5 2 3 5 2 3 4 3 5 3 2 3 3 5 5 3 2 5 5 2 4 4 2 3 3 4 3 4 3 2 3 2 5 3 4 4 4 3 5 4 5 4 4 3 5 2 3 5 2
27) Смирнов Иван : 3 3 3 3 3 4 5 3 5 3 3 3 2 5 2 3 3 5 4 4 5 4 5 5 4 3 2 2 3 3 5 4 4 4 5 5 5 4 3 5 2 4 4 3 3 3 3 3 5 2 4 3 5 4 4 4 2 3 2 4 5 5 2 4 3 3 2 5 5 4 5 3 3 2 2 3 2 5 5 2
28) Смирновa Алла : 3 3 4 3 4 4 3 3 4 5 4 3 4 3 3 4 3 4 3 5 4 2 5 4 4 5 4 2 2 4 4 3 5 3 2 5 3 2 5 2 3 3 5 5 4 2 5 4 3 3 2 4 5 3 2 5 2 4 3 3 4 3 4 4 2 2 5 5 3 2 3 4 5 4 4 5 4 2 4 4
29) Смирнов Иван : 2 4 5 5 3 5 4 5 3 4 2 4 4 5 2 4 2 5 3 3 4 5 4 5 5 2 4 4 3 4 3 2 4 3 2 4 4 3 5 3 3 4 5 5 4 2 2 2 5 2 5 2 2 2 3 2 5 3 3 4 3 4 4 5 2 4 3 2 2 5 2 4 5 2 3 4 2 4 5 3
30) Ивановa Алена : 3 3 5 5 4 4 4 4 4 2 5 5 2 2 3 2 5 3 2 2 5 5 3 2 3 4 5 3 4 4 5 2 4 5 4 4 2 4 2 2 5 3 3 5 5 5 5 2 2 4 2 3 3 4 5 3 3 2 5 5 5 3 3 5 4 2 4 2 2 5 2 2 5 2 5 2 3 4 2 5
31) Иванов Иван : 3 3 2 2 5 5 5 3 2 2 4 4 5 3 3 3 2 2 2 4 5 4 3 3 2 2 5 2 3 2 4 5 2 2 3 5 2 3 2 5 2 5 3 3 2 5 2 2 3 5 3 3 2 2 3 2 5 4 2 5 4 3 3 4 2 5 4 5 3 5 5 4 4 2 5 4 3 4 5 4
32) Иванов Сергей : 4 2 5 2 5 4 4 2 4 2 4 3 5 4 2 2 4 2 4 4 5 3 3 4 4 4 4 2 2 3 4 4 2 5 3 4 2 3 4 2 2 2 2 5 4 5 5 5 3 4 4 4 5 4 5 2 5 3 5 4 5 5 3 3 3 3 4 4 5 5 3 3 3 3 2 5 2 2 4 4
33) Петрова Юлия : 2 4 3 5 4 3 5 4 5 3 4 2 4 5 3 4 5 2 4 5 3 3 3 5 3 5 3 3 3 2 2 5 4 5 3 5 4 3 3 2 5 5 3 5 2 4 3 3 5 4 3 2 3 4 2 5 3 4 3 5 3 4 3 2 3 5 3 3 2 2 4 4 3 2 4 5 2 5 2 3
34) Петрова Анна : 4 2 2 4 3 3 3 4 4 3 5 2 5 3 3 4 3 3 3 4 4 2 2 4 4 5 3 2 2 5 5 4 3 3 2 4 3 5 2 4 4 3 4 4 5 2 5 4 4 4 4 5 4 5 4 5 5 2 2 5 3 5 5 5 3 2 5 2 4 2 3 5 3 2 5 2 5 4 4 3
35) Петрова Алла : 3 5 5 4 4 5 2 4 5 2 2 2 2 4 4 4 4 5 2 3 3 5 3 4 5 2 2 3 5 4 4 5 4 2 5 5 4 5 4 2 4 4 2 3 5 2 4 5 5 3 4 5 4 3 4 2 3 5 2 2 4 5 3 4 5 5 3 4 3 3 3 5 3 3 5 5 5 2 5 4
