1) Петров Сергей : 3 3 2 2 2 4 4 4 2 4 4 3 2 5 2 3 3 5 5 5 4 4 4 3 4 2 4 2 5 3 4 2 3 2 4 3 4 2 4 2 4 4 5 5 3 5 3 4 2 5 4 3 5 3 4 4 3 2 2 5 2 2 2 3 3 2 3 2 2 2 3 2 3 3 3 5 4 5 2 2
2) Смирновa Алена : 3 5 4 4 2 3 2 4 5 4 4 2 2 3 4 4 4 5 3 5 5 3 3 2 3 5 3 2 3 5 4 4 4 3 2 4 4 3 2 3 3 3 2 2 3 4 5 5 2 5 3 5 2 2 4 4 3 3 5 5 4 2 2 5 5 2 3 5 2 5 4 2 5 2 5 2 4 5 3 4
3) Иванов Михаил : 3 4 3 2 3 2 3 2 4 5 3 4 2 3 4 4 3 2 4 5 3 2 5 4 2 3 5 2 2 2 3 5 4 2 5 3 4 3 5 2 2 4 3 2 3 2 4 2 3 3 4 3 4 5 2 4 4 2 3 3 4 5 5 5 3 3 3 2 3 3 3 2 5 4 4 3 3 2 3 4
4) Сидоровa Анна : 2 3 5 4 2 5 3 5 3 5 4 5 4 5 3 4 3 4 2 5 2 2 2 4 5 5 2 5 4 3 4 5 5 4 4 5 5 5 5 2 2 5 3 4 2 5 4 5 2 5 4 3 5 2 4 5 3 2 4 3 3 4 3 4 2 4 2 3 5 3 2 2 4 5 5 4 2 5 4 2
5) Сидоров Сергей : 4 2 2 2 3 2 5 4 4 2 3 4 4 4 2 3 3 2 4 2 2 2 4 5 5 4 2 3 3 5 5 5 3 2 4 2 3 3 4 5 5 3 2 4 3 4 4 3 3 3 4 2 3 4 5 2 2 5 3 4 4 5 2 4 4 4 4 5 5 2 2 2 2 2 3 5 3 3 5 2
6) Сидоровa Юлия : 4 5 4 3 5 2 3 4 5 5 5 3 2 5 2 3 3 4 2 4 4 5 5 2 4 3 3 2 4 5 4 4 4 5 5 3 3 3 2 3 5 4 5 4 5 2 2 4 3 2 2 5 5 4 4 5 3 3 2 5 2 3 4 2 3 5 4 4 4 4 2 3 3 5 3 5 5 2 3 2
7) Кузнецов Михаил : 4 3 4 4 5 4 2 5 5 3 5 4 2 4 2 4 4 2 5 3 5 3 4 2 4 2 2 5 2 2 3 4 3 4 2 3 5 4 3 4 4 3 5 3 2 2 4 2 4 2 5 5 2 5 2 5 2 5 3 2 3 2 4 4 2 3 2 3 2 5 2 4 5 3 5 5 3 5 5 5
8) Петровa Дарья : 3 5 3 4 4 5 2 4 4 5 3 3 3 5 3 4 2 4 2 3 5 5 2 2 5 5 3 4 3 3 3 3 2 5 2 5 3 2 4 4 5 5 4 4 4 4 4 5 4 3 5 4 5 4 3 3 4 3 5 4 2 5 5 5 3 5 2 3 2 3 5 3 5 5 2 3 2 3 5 3
9) Смирнов Михаил : 5 4 3 5 3 2 4 4 3 4 2 4 4 3 2 3 3 4 5 3 5 5 2 2 4 2 5 5 4 2 2 3 3 2 3 3 4 2 3 5 5 2 3 4 5 2 5 5 5 3 3 4 5 5 3 4 4 3 5 5 3 5 3 4 3 5 2 3 3 5 2 4 2 4 3 2 5 2 2 2
10) Кузнецовa Анна : 3 4 4 3 3 5 3 2 5 4 5 3 2 4 4 2 4 5 5 2 2 4 2 3 3 5 4 2 5 4 3 2 2 2 4 2 2 2 2 5 5 5 3 3 4 5 2 2 5 5 5 4 3 4 5 2 3 5 5 2 5 4 5 4 5 5 2 4 4 3 2 3 2 3 4 3 3 4 4 2
11) Смирнов Сергей : 2 2 4 2 2 4 2 2 4 3 4 5 3 2 5 4 3 5 4 5 5 3 5 4 2 2 5 4 4 3 5 4 2 2 5 4 3 2 4 5 5 5 5 2 3 2 3 3 5 3 2 5 5 2 5 5 3 3 5 2 4 4 3 4 4 3 5 2 3 3 5 5 5 2 3 2 3 3 2 5
12) Кузнецовa Алла : 2 5 4 3 4 4 4 2 5 2 4 4 3 5 5 5 4 4 5 5 2 4 4 3 3 2 4 5 4 3 3 5 4 4 3 5 2 5 3 4 2 3 5 3 2 4 3 5 2 5 5 5 4 5 2 3 5 4 2 4 5 5 3 5 5 5 4 4 2 5 4 5 4 4 3 2 2 2 3 3
13) Петров Михаил : 2 3 5 2 3 5 2 4 2 4 3 4 5 5 3 4 5 2 4 3 2 2 3 2 4 5 4 4 5 2 4 5 3 5 4 2 2 3 3 5 3 3 2 5 2 4 3 5 2 4 4 4 5 5 4 2 3 2 5 3 2 3 2 4 4 2 5 2 4 3 5 2 3 3 3 5 2 3 2 2
14) Сидоровa Алена : 5 2 4 3 2 2 3 5 4 4 3 3 3 4 2 5 2 3 3 2 4 4 3 2 2 5 4 2 5 3 2 4 2 5 4 3 5 4 3 4 3 3 5 4 5 2 4 5 5 3 3 2 4 2 3 2 3 5 5 5 5 2 4 3 2 2 5 5 5 2 2 4 3 5 5 5 2 4 2 3
15) Кузнецов Николай : 2 2 2 2 4 4 3 3 5 5 3 2 4 4 3 4 2 5 3 2 3 5 2 3 3 4 4 2 4 5 2 3 2 4 4 4 5 4 5 5 2 2 2 3 4 3 2 2 2 4 4 5 4 4 5 2 4 3 3 3 2 3 2 4 4 5 2 5 5 2 4 3 2 2 4 2 4 5 5 5
16) Смирновa Алла : 5 4 3 4 2 4 4 3 5 5 3 4 2 3 4 3 5 2 5 2 2 4 2 4 5 3 4 2 4 3 4 2 3 2 4 5 4 4 3 2 3 2 5 5 4 5 2 3 5 3 4 2 3 2 5 3 3 3 5 3 5 4 2 5 3 5 2 2 3 3 5 5 2 3 4 3 5 4 4 4
17) Иванов Николай : 3 3 2 5 4 2 3 2 2 2 4 2 5 2 5 5 3 3 2 2 4 5 5 3 5 4 3 5 2 5 3 2 2 5 2 3 4 3 4 2 5 3 3 5 5 4 4 2 2 5 4 3 5 4 2 4 4 2 2 4 2 2 3 2 3 4 4 4 5 3 2 3 2 2 3 3 3 4 3 5
18) Кузнецовa Анна : 2 3 4 2 2 4 3 3 2 3 3 5 2 4 5 3 2 3 4 3 4 5 5 5 2 2 2 5 3 5 5 5 5 5 3 4 2 2 3 2 3 2 4 3 3 3 5 3 5 3 4 3 4 5 5 5 5 5 4 4 3 4 5 5 2 2 5 4 3 2 3 3 2 2 4 5 4 2 4 2
19) Сидоров Андрей : 3 4 4 3 3 3 2 5 5 4 3 4 3 3 2 5 4 2 3 5 2 5 2 5 5 4 5 5 2 3 4 2 2 4 2 2 4 2 3 3 4 4 5 4 3 2 5 3 5 5 2 3 5 2 4 2 5 2 3 2 2 2 5 3 5 4 4 3 2 5 2 4 5 5 3 2 4 2 5 5
20) Сидоровa Алена : 2 3 2 2 3 3 4 2 3 5 2 5 3 3 2 5 2 2 5 4 3 3 3 4 2 3 2 3 3 4 5 4 2 3 4 3 4 2 5 2 2 5 3 5 4 4 4 4 5 4 5 5 5 4 5 3 5 5 5 2 5 2 3 5 2 2 4 2 2 3 5 4 2 5 2 3 3 3 4 4
21) Кузнецов Михаил : 4 5 5 2 2 4 4 4 4 5 5 5 5 5 2 3 2 5 2 2 3 4 2 4 4 3 2 5 3 5 3 3 3 2 2 5 5 2 3 5 5 3 3 3 5 2 3 2 4 5 4 2 3 4 3 2 2 2 5 2 5 2 4 5 2 5 5 5 5 3 5 5 5 4 3 4 3 5 2 3
22) Петровa Юлия : 4 2 4 4 2 3 5 3 5 3 5 2 2 3 4 5 5 3 5 5 5 3 5 2 3 4 3 4 3 4 5 2 4 5 3 5 2 3 3 3 2 3 2 4 2 4 4 2 3 5 5 4 4 4 3 2 3 2 2 5 5 5 3 5 5 5 5 3 4 4 5 3 5 4 3 2 5 2 5 5
23) Иванов Иван : 3 3 5 2 3 2 4 3 2 5 5 2 2 2 5 2 5 3 3 2 4 3 4 5 2 2 3 5 5 3 5 2 3 5 3 5 4 2 4 4 5 3 4 3 2 3 2 2 2 3 3 5 2 2 5 5 2 3 4 2 3 5 4 2 4 4 3 3 3 4 3 2 3 3 2 4 2 3 2 2
24) Сидоровa Алла : 5 4 4 2 3 2 5 3 2 3 3 3 2 5 4 4 5 5 2 5 2 4 4 3 2 3 2 2 3 5 4 3 5 4 5 5 3 3 5 2 2 3 3 2 3 2 3 3 2 3 4 4 2 5 2 4 3 2 2 5 3 3 2 2 4 2 5 5 3 5 5 5 4 2 3 4 2 3 3 2
25) Петров Андрей : 5 3 2 4 4 5 4 4 4 3 3 5 3 2 4 4 3 2 3 2 2 2 5 3 2 3 4 3 5 3 3 2 4 2 3 5 5 5 5 2 4 5 2 3 2 4 5 2 5 3 3 4 2 4 2 2 5 3 2 2 2 3 2 5 2 4 3 5 2 4 2 3 4 5 4 5 2 4 5 5
26) Сидоровa Алена : 3 3 3 2 3 2 5 3 2 2 3 2 2 3 5 5 3 5 2 5 4 3 2 4 4 4 3 2 3 5 4 3 4 4 4 5 3 3 3 3 3 3 4 4 2 4 3 3 3 2 5 4 2 5 2 2 2 3 4 4 5 5 2 3 5 4 5 2 4 2 5 3 5 2 3 3 2 3 2 4
27) Смирнов Иван : 3 4 5 5 3 3 3 5 4 3 3 3 5 5 5 2 5 4 3 4 3 3 4 3 4 2 4 3 5 4 2 2 5 4 3 2 4 3 3 2 5 5 4 3 3 2 5 5 4 3 4 4 4 3 4 5 4 3 5 2 2 3 2 2 5 4 2 3 5 4 4 3 4 4 2 5 3 5 4 2
28) Смирновa Алла : 4 5 3 5 3 5 4 3 2 4 2 2 5 4 5 4 3 3 4 3 2 4 4 5 4 2 5 3 4 5 3 3 4 4 4 3 5 5 2 5 3 4 3 4 5 5 5 4 2 5 2 2 2 5 4 2 2 3 3 3 2 4 3 4 2 2 3 3 4 5 5 5 5 4 3 2 5 4 3 2
29) Смирнов Иван : 3 5 5 2 5 5 4 3 2 3 3 4 3 4 2 5 3 5 2 5 5 3 4 2 5 4 5 4 3 4 3 2 4 2 5 2 2 3 4 2 3 3 4 3 5 5 3 5 3 2 5 5 4 4 3 2 5 3 5 5 4 5 2 5 3 3 3 5 2 4 3 2 5 4 4 3 4 3 3 4
30) Ивановa Алена : 2 5 2 5 3 4 5 2 3 3 4 4 5 2 4 3 4 4 2 5 3 2 5 5 4 3 2 3 3 5 5 2 2 2 2 5 2 3 3 3 3 3 5 4 4 2 3 2 3 2 3 5 3 4 5 5 3 3 5 2 4 4 2 3 5 2 5 4 2 5 3 5 2 2 3 3 5 3 2 5
31) Иванов Иван : 4 3 4 5 3 3 3 4 2 3 2 5 5 3 2 3 3 2 4 4 5 2 3 3 5 2 3 2 2 4 5 5 5 2 5 4 3 3 3 5 5 3 5 5 2 2 5 4 5 3 4 4 3 5 4 5 4 3 2 5 4 5 3 5 2 3 3 3 5 3 4 4 3 3 3 4 2 4 4 5
32) Иванов Сергей : 4 2 3 4 3 4 5 4 5 2 4 4 2 3 5 2 2 5 2 4 4 3 2 2 5 2 5 3 5 5 5 2 3 2 4 5 5 5 4 3 3 4 2 5 2 2 4 3 5 2 5 4 5 5 3 5 5 3 4 3 5 2 2 3 5 2 4 2 4 5 5 3 4 5 2 4 5 3 2 4
33) Петрова Юлия : 5 3 3 5 5 2 2 4 5 2 4 2 2 3 4 3 3 4 3 4 3 4 3 4 2 5 2 2 4 3 3 4 3 3 2 5 2 4 4 4 4 4 4 2 2 2 4 2 5 5 5 5 3 5 3 2 3 5 2 3 2 3 3 5 5 2 2 5 3 2 5 5 3 2 5 3 4 2 3 4
34) Петрова Анна : 3 5 4 4 5 5 3 2 4 5 2 5 3 3 2 2 4 4 3 2 2 3 2 3 2 3 5 4 2 2 4 2 5 3 5 2 2 2 5 2 4 4 4 5 2 2 3 4 3 4 5 5 2 2 3 2 4 3 2 2 3 4 5 2 2 5 5 4 2 3 2 3 3 4 3 4 5 3 3 2
35) Петрова Алла : 4 4 5 4 3 2 3 3 3 4 5 2 3 3 5 4 5 2 5 4 5 3 5 2 3 5 2 3 3 4 2 3 3 3 2 5 2 4 5 3 3 2 5 4 5 4 4 3 4 2 4 4 4 3 3 5 4 4 5 5 5 4 4 4 5 5 2 2 5 2 4 3 3 4 3 2 3 2 5 3
