1) Петров Сергей : 3 2 2 3 5 5 3 2 4 3 2 2 5 5 3 2 5 3 4 4 5 3 2 4 2 2 3 2 5 2 2 3 5 2 3 2 3 4 2 4 5 2 3 5 4 5 2 3 2 5 5 5 2 4 4 5 4 2 2 5 2 4 2 3 4 5 3 3 2 2 4 5 4 5 4 4 3 5 5 3
2) Смирновa Алена : 2 4 5 5 5 5 2 3 4 5 5 5 4 3 5 2 2 5 2 4 5 4 3 4 3 3 4 3 3 4 5 5 4 3 5 5 4 3 3 3 4 3 4 2 5 4 3 4 2 4 2 4 2 3 2 2 2 2 2 3 5 5 2 4 3 5 4 3 2 2 3 5 5 5 4 3 5 2 4 3
3) Иванов Михаил : 5 3 5 5 3 2 2 5 4 3 5 3 5 4 2 3 5 4 3 3 2 3 4 2 2 4 4 4 5 5 4 5 3 3 2 3 5 3 4 3 4 3 2 4 2 3 2 5 3 4 5 3 4 5 4 2 2 5 2 2 5 4 2 4 2 3 2 5 4 2 5 3 5 5 4 5 2 3 3 3
4) Сидоровa Анна : 5 5 4 3 5 5 3 4 4 5 5 4 2 5 5 4 3 2 4 5 2 3 2 2 3 4 2 4 5 5 4 4 5 5 5 2 5 4 2 5 3 5 2 3 3 4 4 5 4 5 2 3 4 4 4 5 4 5 2 2 2 2 5 5 3 3 5 3 5 3 2 3 5 2 2 4 4 4 2 5
5) Сидоров Сергей : 5 3 5 4 2 5 2 4 2 3 2 4 4 4 4 5 3 4 3 5 4 3 2 4 2 3 5 5 2 3 5 2 4 5 3 4 4 2 5 3 3 2 3 2 5 2 4 2 3 3 3 2 2 2 5 4 5 2 4 2 3 5 3 5 4 5 3 4 4 2 4 2 3 4 4 3 5 2 3 5
6) Сидоровa Юлия : 3 5 3 3 2 4 4 5 4 5 3 4 5 4 5 3 3 2 2 3 2 3 3 5 5 4 2 4 2 2 5 5 3 3 5 5 4 3 2 2 5 4 2 2 5 2 4 4 5 3 4 3 5 2 3 2 3 3 5 4 3 2 4 5 3 5 2 3 5 3 2 4 5 2 4 5 3 3 5 4
7) Кузнецов Михаил : 5 3 3 5 5 3 4 2 2 5 4 2 4 4 3 4 4 5 4 4 3 3 3 5 2 2 4 3 4 3 5 3 3 3 4 3 3 2 3 4 5 5 2 3 5 2 4 4 5 3 5 3 3 4 2 2 2 5 5 5 5 4 3 3 5 5 3 3 5 3 5 5 3 5 4 4 5 3 2 4
8) Петровa Дарья : 4 3 4 3 4 5 4 5 4 2 4 3 2 4 4 4 4 5 2 4 2 5 4 4 3 3 3 5 5 2 4 2 2 4 2 5 2 5 2 3 3 5 2 3 5 2 4 3 4 3 2 2 4 5 2 2 4 4 5 4 3 4 2 2 4 3 5 3 3 4 5 5 2 5 4 2 2 4 4 3
9) Смирнов Михаил : 4 2 2 5 5 5 4 4 4 4 2 2 5 2 5 3 3 5 2 4 3 5 3 5 4 4 3 5 3 3 3 5 4 5 2 5 5 2 5 4 5 4 3 3 2 5 4 5 2 5 4 5 4 4 3 3 3 4 4 2 5 4 3 3 4 4 3 5 2 4 5 2 3 2 5 5 5 4 3 4
10) Кузнецовa Анна : 5 4 2 4 5 4 3 5 4 2 5 3 4 4 4 4 4 5 3 5 4 5 5 2 5 3 2 4 3 3 2 2 4 4 3 2 2 3 4 4 5 4 4 3 3 2 4 2 4 5 2 4 5 4 4 2 2 2 2 5 2 4 4 4 4 3 3 3 2 4 3 5 5 5 5 2 4 3 3 2
11) Смирнов Сергей : 3 3 3 4 5 5 5 2 4 2 3 4 4 3 3 3 2 3 2 3 2 3 2 2 4 2 3 2 4 3 5 3 3 4 3 2 2 4 2 3 2 3 4 3 5 3 2 2 4 5 4 3 4 2 3 4 2 3 5 2 5 5 2 4 5 2 5 5 5 4 5 3 5 4 3 2 2 5 4 3
12) Кузнецовa Алла : 2 2 5 2 4 3 2 2 3 3 2 4 5 2 3 3 5 5 5 2 4 4 5 4 5 2 4 4 3 4 2 4 5 2 2 5 4 3 4 4 2 2 4 5 3 5 2 3 4 5 4 5 2 4 4 4 3 3 4 5 2 2 2 5 3 4 3 5 2 5 2 3 5 3 2 4 5 5 3 2
13) Петров Михаил : 5 3 5 5 4 3 5 2 5 4 3 5 2 2 5 2 5 3 2 5 4 2 5 3 2 3 5 2 3 2 2 3 3 2 4 3 4 2 5 3 3 2 3 3 2 3 4 5 4 4 5 3 4 2 5 2 3 4 3 5 5 5 5 2 5 4 4 3 2 5 5 5 2 3 2 3 5 5 3 5
14) Сидоровa Алена : 5 5 5 2 5 5 3 4 5 4 5 2 4 3 4 4 5 2 5 2 5 2 2 3 2 2 5 3 2 4 2 2 5 5 3 5 3 4 3 4 5 3 5 3 2 3 2 4 5 4 5 3 4 3 2 5 2 5 5 4 3 3 3 3 3 5 5 5 4 5 5 2 5 3 2 4 2 3 4 2
15) Кузнецов Николай : 2 4 2 3 3 2 2 5 5 3 2 5 3 4 3 5 5 2 3 5 5 4 3 2 4 2 3 5 4 4 2 4 2 4 5 5 4 5 5 4 2 4 2 4 2 4 2 5 4 5 2 5 2 3 5 3 5 4 4 4 2 2 2 3 4 5 5 3 2 2 3 3 5 3 4 4 2 2 2 5
16) Смирновa Алла : 4 4 3 4 4 2 5 5 2 5 5 3 3 4 3 4 2 3 2 3 4 4 4 3 4 2 4 2 2 5 2 2 3 5 4 3 5 4 2 3 2 2 3 5 3 3 2 3 4 2 5 5 2 3 2 3 2 5 4 4 5 5 4 2 4 4 3 4 3 4 4 5 3 5 3 5 2 3 2 3
17) Иванов Николай : 2 4 5 2 3 3 4 5 2 2 4 2 5 2 5 3 2 5 3 3 5 4 3 5 3 5 2 4 5 4 4 2 5 5 2 3 4 4 4 5 4 4 5 2 5 2 3 5 5 2 2 5 2 3 4 3 5 5 2 2 3 5 3 3 2 4 2 4 4 4 3 4 2 5 3 4 5 4 4 3
18) Кузнецовa Анна : 2 5 4 3 4 3 4 5 3 5 3 3 3 5 5 2 4 3 5 5 5 5 3 5 2 4 4 5 2 2 2 2 5 3 4 4 2 2 4 2 4 5 4 2 4 3 3 3 5 2 5 4 5 4 5 4 2 5 4 3 5 3 4 4 3 2 2 4 2 2 2 5 2 5 2 4 5 2 3 2
19) Сидоров Андрей : 2 5 2 5 4 2 2 2 4 2 2 5 2 4 5 3 4 2 2 3 5 2 2 3 4 4 5 5 4 4 5 2 3 3 3 2 5 5 3 3 3 3 3 2 4 3 5 5 4 4 4 3 3 2 3 2 5 2 3 2 4 4 2 5 5 2 4 2 3 2 2 2 4 4 5 2 3 2 3 4
20) Сидоровa Алена : 2 4 5 5 2 2 5 2 4 4 2 3 4 3 2 5 3 5 5 5 4 5 2 4 2 3 4 5 3 4 5 5 3 4 5 3 3 3 3 3 2 4 4 2 4 4 2 5 2 3 2 2 3 2 3 3 4 5 2 4 3 4 4 3 5 4 3 4 5 2 3 4 3 3 4 2 5 2 3 4
21) Кузнецов Михаил : 5 4 4 4 3 2 3 5 3 3 3 5 2 5 2 3 2 3 4 5 2 2 3 5 4 2 5 4 3 2 5 4 5 3 2 3 2 3 2 4 2 5 4 3 4 4 4 3 5 3 3 4 3 5 5 2 5 4 3 2 2 3 3 5 5 3 5 4 5 2 5 2 3 5 4 3 3 3 3 5
22) Петровa Юлия : 5 2 2 2 5 2 2 2 4 3 4 3 2 5 4 3 5 3 3 5 2 5 4 3 4 5 5 5 2 2 5 2 3 2 2 5 2 5 4 2 3 2 5 5 4 3 5 3 5 2 2 2 3 5 4 4 4 4 2 2 3 3 4 2 2 3 4 3 5 3 3 3 5 3 3 5 2 5 2 5
23) Иванов Иван : 2 4 2 3 3 5 2 3 3 5 2 3 3 2 3 3 4 3 3 4 2 2 2 2 5 3 2 4 2 3 4 5 5 4 5 2 3 5 4 2 3 2 3 4 3 2 3 2 5 5 2 5 5 2 3 5 3 2 5 4 2 3 4 2 3 4 2 5 3 5 5 2 4 5 4 5 2 4 3 5
24) Сидоровa Алла : 5 4 2 5 4 4 2 4 3 3 3 2 4 4 4 3 5 3 2 5 4 5 5 4 5 3 5 5 4 4 5 5 4 4 4 3 3 4 2 3 2 5 5 4 3 5 4 3 4 2 5 5 3 2 3 4 3 3 3 5 2 5 2 5 5 4 2 2 3 3 5 2 2 2 5 5 2 3 3 5
25) Петров Андрей : 3 5 4 4 2 3 2 4 2 5 4 3 2 5 5 2 4 2 4 5 2 5 3 2 4 5 5 5 5 4 2 3 3 4 2 2 5 3 2 2 2 3 3 3 5 2 4 5 2 3 2 3 2 5 3 4 5 5 2 5 5 2 2 3 3 3 2 2 2 4 2 5 4 4 5 3 4 4 4 2
26) Сидоровa Алена : 2 5 5 5 4 4 2 3 4 3 2 2 5 4 2 2 4 4 2 2 2 4 4 5 2 5 4 3 2 2 2 5 2 4 2 4 5 4 3 2 4 2 2 3 3 3 5 4 4 3 4 3 2 3 5 5 5 5 2 4 2 5 5 2 4 2 2 5 3 2 5 2 5 4 2 5 5 5 5 3
27) Смирнов Иван : 3 5 2 2 3 2 3 4 3 3 4 4 4 3 3 3 4 2 5 2 2 3 4 3 2 5 4 3 5 5 4 3 3 2 3 4 2 2 4 4 2 5 2 5 2 3 5 2 5 5 2 5 2 4 2 3 5 2 5 3 5 2 3 4 5 5 2 3 4 4 3 2 5 4 4 2 2 4 4 4
28) Смирновa Алла : 4 3 4 4 3 4 4 2 3 4 2 5 3 4 4 4 5 2 2 4 5 5 2 3 2 4 5 5 3 5 4 3 4 4 3 4 4 4 5 5 2 2 2 4 5 2 4 5 5 5 5 4 5 5 2 3 2 4 2 2 2 4 5 3 2 2 3 5 2 5 3 2 3 5 3 2 5 2 5 2
29) Смирнов Иван : 2 2 2 2 5 2 2 3 3 4 3 4 5 5 3 4 2 5 2 3 4 2 4 5 2 4 2 4 2 2 2 3 2 2 2 2 3 5 5 3 3 5 3 2 4 4 4 2 2 4 5 4 3 3 4 4 4 3 4 4 4 5 4 3 4 2 4 5 3 2 4 5 3 5 2 3 2 2 5 3
30) Ивановa Алена : 4 2 5 4 3 5 5 2 3 3 4 5 3 5 3 5 3 5 3 5 4 5 4 2 2 5 2 5 2 5 4 3 3 5 3 3 4 2 5 4 4 3 3 2 3 2 3 5 4 5 3 2 4 2 3 3 5 3 2 2 5 4 4 2 5 2 2 4 4 3 3 4 2 5 5 4 5 3 4 2
31) Иванов Иван : 2 4 5 4 2 5 5 2 2 3 3 2 4 3 5 2 5 5 3 5 5 2 3 3 4 2 5 2 5 5 3 4 4 2 5 3 3 2 4 3 4 2 3 4 5 4 4 3 4 4 5 2 3 2 3 3 4 5 4 5 4 5 2 5 5 4 3 4 3 5 4 3 5 3 5 5 3 2 5 4
32) Иванов Сергей : 3 4 3 4 5 5 3 4 5 4 5 3 2 4 2 4 4 5 5 3 5 3 4 5 2 4 3 2 3 5 5 5 4 5 5 3 5 5 5 4 3 5 3 3 5 4 5 4 2 5 3 2 4 5 5 5 4 2 2 5 2 2 2 2 4 3 4 3 3 4 5 2 2 3 2 3 5 2 2 2
33) Петрова Юлия : 5 5 5 5 3 3 2 4 2 4 2 2 4 2 2 3 3 2 2 5 4 3 5 2 3 3 2 5 3 3 4 3 2 3 4 4 3 5 3 2 5 5 5 4 5 5 4 2 4 5 3 4 4 5 3 3 4 4 2 2 3 2 3 4 2 2 4 4 2 5 4 2 5 3 5 5 2 5 3 2
34) Петрова Анна : 3 5 5 3 3 3 2 3 5 3 2 2 3 3 3 4 4 2 3 5 5 3 5 2 3 3 4 4 3 3 5 3 4 5 2 5 3 2 5 3 4 3 4 5 2 4 3 2 5 5 3 3 2 2 4 5 5 5 4 5 5 4 3 2 2 4 4 3 5 5 5 3 3 5 4 3 5 3 4 2
35) Петрова Алла : 5 5 3 5 4 5 2 3 2 5 3 3 5 3 2 4 5 2 5 3 3 4 2 4 3 2 3 4 4 2 4 4 5 3 4 5 5 3 2 3 5 3 5 4 2 4 5 2 3 5 5 5 5 4 3 5 3 2 5 2 2 2 5 2 5 3 2 3 5 4 4 5 2 4 5 4 4 3 3 4
